%% Event Classifier - Angathan FRANCIS
% Cumulative Volume of Tweets Initialization

function [e, ne, apple] = cumvol()

    % Event, 1 min bin, 3 hours window
    A(1, :) = [0, 1, 1, 1, 2, 3, 3, 3, 3, 15, 23, 43, 55, 71, 87, 95, 107, 115, 123, 135, 151, 155, 159, 159, 159, 159, 159, 159, 160, 160, 160, 160, 168, 171, 171, 171, 171, 171, 171, 171, 171, 171, 171, 171, 171, 171, 172, 172, 172, 172, 173, 173, 174, 174, 174, 174, 174, 174, 174, 174, 174, 174, 174, 174, 174, 174, 175, 175, 175, 175, 175, 175, 175, 175, 175, 175, 175, 175, 175, 175, 175, 175, 175, 175, 175, 175, 175, 175, 175, 175, 175, 175, 175, 175, 175, 175, 175, 175, 175, 175, 175, 175, 175, 175, 175, 175, 175, 175, 175, 175, 175, 175, 175, 175, 175, 175, 175, 175, 175, 175, 176, 176, 178, 182, 187, 188, 189, 190, 191, 191, 192, 192, 192, 192, 193, 194, 195, 195, 196, 196, 199, 199, 199, 200, 200, 200, 200, 200, 200, 200, 201, 201, 201, 201, 201, 201, 201, 201, 202, 202, 202, 202, 202, 202, 202, 202, 202, 202, 202, 202, 202, 202, 202, 202, 202, 202, 202, 202, 202];
    A(2, :) = [0, 0, 0, 0, 0, 0, 0, 0, 0, 0, 2, 8, 15, 23, 30, 41, 59, 63, 76, 83, 95, 102, 105, 115, 124, 128, 137, 150, 161, 168, 179, 187, 194, 204, 208, 214, 221, 225, 233, 235, 241, 246, 252, 254, 260, 267, 274, 281, 286, 293, 296, 301, 303, 307, 310, 321, 324, 330, 333, 333, 340, 341, 343, 344, 350, 350, 354, 355, 357, 361, 361, 364, 365, 365, 365, 365, 367, 374, 374, 377, 378, 379, 381, 381, 382, 383, 385, 385, 386, 386, 388, 388, 388, 390, 392, 392, 392, 392, 393, 393, 394, 394, 395, 395, 396, 398, 400, 400, 403, 403, 403, 405, 407, 408, 408, 409, 409, 409, 409, 411, 411, 411, 411, 411, 411, 411, 411, 412, 414, 416, 417, 417, 419, 422, 423, 423, 423, 423, 423, 423, 423, 424, 424, 424, 424, 424, 424, 424, 425, 426, 426, 431, 433, 433, 433, 433, 433, 435, 435, 435, 435, 435, 437, 437, 437, 437, 437, 437, 437, 437, 437, 437, 437, 439, 441, 441, 441, 441, 441];
    A(3, :) = [0, 0, 0, 0, 0, 0, 0, 0, 0, 1, 1, 1, 1, 2, 3, 4, 4, 4, 5, 5, 6, 6, 6, 6, 7, 7, 7, 7, 9, 9, 9, 9, 9, 9, 9, 9, 9, 9, 9, 9, 9, 9, 9, 9, 10, 10, 10, 10, 10, 10, 11, 11, 11, 11, 11, 11, 11, 11, 11, 13, 13, 13, 13, 13, 13, 13, 13, 14, 14, 14, 14, 14, 14, 14, 14, 14, 14, 14, 14, 14, 15, 15, 15, 15, 15, 15, 15, 15, 15, 15, 15, 17, 17, 18, 19, 19, 19, 19, 19, 19, 19, 19, 19, 19, 19, 19, 19, 19, 19, 19, 19, 19, 19, 19, 19, 19, 19, 19, 21, 21, 21, 21, 21, 21, 21, 21, 21, 21, 21, 21, 21, 21, 21, 21, 21, 22, 22, 22, 24, 24, 24, 24, 24, 24, 24, 24, 24, 24, 24, 24, 25, 25, 25, 25, 27, 27, 27, 27, 27, 27, 27, 27, 27, 27, 27, 27, 27, 28, 28, 29, 29, 29, 29, 29, 29, 29, 29, 29, 29];
    A(4, :) = [0, 1, 1, 2, 2, 6, 6, 12, 14, 14, 16, 16, 18, 23, 23, 28, 28, 30, 33, 37, 39, 45, 45, 45, 48, 51, 52, 58, 60, 65, 65, 66, 70, 70, 70, 70, 70, 70, 75, 78, 79, 80, 84, 84, 87, 87, 87, 89, 90, 92, 99, 105, 105, 107, 109, 111, 111, 116, 117, 119, 119, 123, 126, 130, 132, 133, 133, 135, 136, 141, 142, 145, 147, 151, 154, 155, 155, 156, 156, 159, 159, 159, 161, 162, 164, 165, 165, 167, 167, 171, 172, 172, 172, 174, 174, 174, 174, 174, 183, 193, 203, 217, 221, 222, 225, 226, 227, 236, 239, 240, 243, 246, 248, 251, 251, 252, 253, 256, 256, 261, 263, 265, 265, 267, 269, 271, 274, 280, 283, 285, 289, 294, 296, 301, 309, 313, 315, 319, 323, 326, 330, 335, 337, 339, 341, 341, 342, 344, 345, 346, 351, 353, 354, 357, 363, 365, 366, 370, 374, 375, 378, 379, 381, 381, 381, 388, 391, 393, 396, 400, 402, 405, 411, 416, 422, 424, 429, 433, 433];
    A(5, :) = [0, 3, 6, 9, 13, 15, 19, 23, 29, 31, 35, 39, 45, 50, 53, 54, 55, 60, 63, 64, 64, 70, 73, 79, 80, 83, 84, 85, 86, 86, 88, 90, 94, 94, 95, 99, 101, 101, 101, 104, 106, 106, 107, 109, 112, 112, 112, 113, 115, 118, 119, 120, 120, 121, 121, 124, 126, 127, 129, 129, 129, 130, 132, 133, 133, 135, 138, 140, 142, 143, 143, 143, 143, 144, 144, 144, 148, 152, 152, 152, 153, 153, 154, 154, 155, 157, 157, 157, 157, 157, 159, 159, 159, 159, 159, 159, 159, 160, 160, 161, 163, 165, 165, 167, 167, 169, 170, 170, 170, 172, 172, 174, 179, 179, 179, 181, 181, 186, 188, 188, 188, 188, 189, 190, 191, 192, 192, 192, 192, 192, 192, 192, 193, 193, 194, 195, 195, 195, 195, 195, 196, 198, 199, 199, 199, 199, 200, 200, 200, 200, 200, 200, 200, 201, 203, 204, 204, 204, 205, 208, 208, 209, 210, 212, 212, 212, 213, 213, 213, 214, 214, 216, 218, 220, 220, 220, 220, 220, 220];
    A(6, :) = [0, 1, 5, 9, 11, 11, 15, 17, 22, 24, 26, 30, 35, 38, 43, 44, 45, 46, 46, 47, 52, 55, 56, 60, 61, 62, 65, 67, 67, 71, 72, 74, 75, 75, 78, 81, 86, 88, 100, 130, 153, 168, 176, 188, 192, 199, 203, 210, 211, 215, 224, 235, 239, 242, 251, 252, 256, 259, 261, 261, 266, 267, 269, 270, 270, 270, 272, 276, 277, 278, 280, 280, 282, 283, 286, 287, 288, 289, 290, 292, 300, 301, 301, 302, 302, 302, 303, 305, 306, 306, 308, 308, 308, 309, 309, 309, 310, 312, 312, 314, 315, 319, 319, 320, 320, 320, 322, 323, 324, 324, 328, 329, 334, 335, 336, 337, 337, 340, 340, 340, 340, 340, 340, 340, 342, 342, 342, 342, 342, 344, 344, 344, 344, 344, 347, 348, 348, 348, 350, 350, 354, 354, 354, 354, 354, 354, 354, 354, 355, 355, 355, 355, 355, 355, 356, 356, 356, 356, 356, 356, 357, 357, 357, 357, 357, 357, 357, 357, 358, 358, 358, 358, 358, 358, 358, 358, 358, 358, 358];
    A(7, :) = [0, 1, 1, 1, 5, 5, 5, 5, 7, 10, 19, 31, 42, 52, 64, 71, 83, 91, 95, 106, 114, 123, 129, 140, 154, 168, 176, 181, 187, 193, 209, 214, 225, 235, 246, 255, 266, 271, 275, 288, 302, 314, 328, 331, 338, 351, 369, 394, 410, 425, 433, 444, 481, 525, 550, 629, 752, 862, 909, 958, 991, 1015, 1036, 1067, 1081, 1104, 1118, 1135, 1144, 1159, 1166, 1174, 1190, 1192, 1202, 1209, 1213, 1224, 1230, 1240, 1242, 1253, 1269, 1284, 1296, 1312, 1325, 1339, 1349, 1355, 1362, 1374, 1380, 1385, 1386, 1389, 1391, 1394, 1395, 1399, 1400, 1400, 1401, 1401, 1406, 1407, 1409, 1410, 1411, 1412, 1412, 1413, 1414, 1417, 1425, 1427, 1434, 1437, 1438, 1441, 1443, 1448, 1449, 1450, 1451, 1451, 1451, 1456, 1459, 1460, 1462, 1463, 1464, 1466, 1467, 1470, 1471, 1473, 1473, 1473, 1473, 1477, 1478, 1479, 1480, 1483, 1483, 1488, 1492, 1494, 1494, 1494, 1497, 1498, 1500, 1500, 1504, 1504, 1504, 1504, 1506, 1506, 1507, 1507, 1508, 1508, 1509, 1509, 1509, 1509, 1509, 1509, 1512, 1512, 1513, 1513, 1515, 1516, 1516];
    A(8, :) = [0, 15, 30, 38, 55, 60, 69, 74, 81, 84, 93, 96, 99, 103, 112, 116, 117, 117, 122, 130, 132, 136, 140, 142, 148, 149, 153, 157, 159, 161, 166, 169, 173, 178, 183, 192, 195, 196, 197, 201, 205, 210, 213, 219, 226, 235, 264, 282, 301, 318, 343, 364, 368, 379, 385, 388, 394, 409, 411, 416, 424, 429, 434, 446, 453, 459, 464, 469, 481, 497, 508, 521, 529, 541, 545, 559, 574, 587, 597, 603, 604, 612, 616, 618, 629, 639, 645, 686, 790, 863, 910, 958, 989, 1026, 1047, 1085, 1104, 1124, 1139, 1157, 1187, 1217, 1241, 1261, 1278, 1288, 1299, 1315, 1332, 1345, 1350, 1363, 1368, 1377, 1385, 1390, 1399, 1412, 1420, 1434, 1438, 1443, 1453, 1455, 1466, 1467, 1471, 1474, 1478, 1480, 1481, 1486, 1492, 1499, 1499, 1499, 1501, 1503, 1504, 1509, 1510, 1510, 1510, 1511, 1512, 1514, 1518, 1520, 1521, 1524, 1524, 1525, 1525, 1528, 1528, 1529, 1530, 1531, 1532, 1533, 1534, 1534, 1534, 1534, 1534, 1534, 1534, 1536, 1536, 1536, 1537, 1539, 1540, 1540, 1540, 1543, 1544, 1544, 1544];
    A(9, :) = [0, 1, 3, 3, 3, 4, 5, 5, 6, 6, 6, 7, 7, 7, 7, 7, 8, 8, 8, 9, 10, 11, 15, 17, 20, 20, 20, 22, 23, 27, 31, 35, 37, 39, 41, 44, 44, 46, 46, 47, 47, 47, 48, 50, 52, 56, 57, 57, 57, 58, 58, 58, 58, 59, 59, 62, 64, 65, 66, 66, 66, 66, 66, 66, 66, 66, 67, 68, 68, 68, 70, 70, 70, 70, 70, 71, 71, 72, 72, 74, 75, 75, 77, 77, 77, 78, 79, 79, 80, 80, 80, 80, 81, 81, 81, 81, 81, 81, 81, 83, 83, 85, 85, 85, 85, 85, 85, 85, 88, 90, 90, 90, 91, 91, 91, 93, 93, 93, 96, 97, 98, 98, 98, 98, 98, 98, 98, 98, 98, 99, 99, 99, 100, 100, 100, 100, 100, 101, 102, 104, 105, 105, 106, 106, 107, 108, 109, 109, 109, 109, 110, 110, 110, 110, 110, 110, 111, 112, 112, 112, 112, 114, 114, 114, 116, 117, 118, 119, 119, 119, 120, 122, 124, 124, 125, 125, 125, 125, 125];
